DIMENSION: 10
P: 4
COST
 9999    97   205   139    86    60   220    65   111   115 
   97  9999   129   103    71   105   258   154   112    65 
  205   129  9999   219   125   175   386   269   134   184 
  139   103   219  9999   167   182   180   162   208    39 
   86    71   125   167  9999    51   296   150    42   131 
   60   105   175   182    51  9999   279   114    56   150 
  220   258   386   180   296   279  9999   178   328   206 
   65   154   269   162   150   114   178  9999   169   151 
  111   112   134   208    42    56   328   169  9999   172 
  115    65   184    39   131   150   206   151   172  9999 

