DIMENSION: 15
P: 5
COST
 9999   107   241   190   124    80   316    76   152   157   283   133   113   297   228 
  107  9999   148   137    88   127   336   183   134    95   254   180   101   234   175 
  241   148  9999   374   171   259   509   317   217   232   491   312   280   391   412 
  190   137   374  9999   202   234   222   192   248    42   117   287    79   107    38 
  124    88   171   202  9999    61   392   202    46   160   319   112   163   322   240 
   80   127   259   234    61  9999   386   141    72   167   351    55   157   331   272 
  316   336   509   222   392   386  9999   233   438   254   202   439   235   254   210 
   76   183   317   192   202   141   233  9999   213   188   272   193   131   302   233 
  152   134   217   248    46    72   438   213  9999   206   365    89   209   368   286 
  157    95   232    42   160   167   254   188   206  9999   159   220    57   149    80 
  283   254   491   117   319   351   202   272   365   159  9999   404   176   106    79 
  133   180   312   287   112    55   439   193    89   220   404  9999   210   384   325 
  113   101   280    79   163   157   235   131   209    57   176   210  9999   186   117 
  297   234   391   107   322   331   254   302   368   149   106   384   186  9999    69 
  228   175   412    38   240   272   210   233   286    80    79   325   117    69  9999 

