DIMENSION: 40
P: 11
COST
 9999   666   281   396   291   326   641   427   600   561  1041   655   975  1121   299   260   430   162   305   210   287    46   181   275   410   729   799   707   406   360   146    91   827   135   122   125   208   240   166   209 
  666  9999   649  1047   945   978    45   956  1135  1133  1639  1259  1440  1516   958   724   495   595   843   564   392   636   510   922  1029  1192  1302  1244   635   390   541   730  1489   782   777   785   858   897   828   870 
  281   649  9999   604   509   543   611   308   486   487  1267   891  1248  1400   505   537   217   135   207   441   289   241   361   506   653  1006  1068   970   651   504   209   245   903   394   374   368   447   462   392   427 
  396  1047   604  9999   104    70  1026   525   611   534   663   294   711   897   100   384   800   532   475   501   681   437   538   125   109   516   527   417   580   690   541   371   517   267   275   271   190   155   230   188 
  291   945   509   104  9999    35   924   471   584   513   761   382   769   944    25   309   700   430   401   407   577   332   437    32   150   552   584   479   510   594   437   270   590   163   171   166    87    51   127    85 
  326   978   543    70    35  9999   957   492   596   523   726   349   744   923    40   329   735   466   428   435   612   368   469    57   124   533   559   452   528   624   472   305   568   197   206   201   121    86   162   120 
  641    45   611  1026   924   957  9999   918  1096  1096  1627  1245  1440  1522   935   714   451   562   807   552   362   609   491   901  1012  1190  1298  1237   637   386   512   701  1460   760   754   762   836   875   804   847 
  427   956   308   525   471   492   918  9999   183   180  1145   812  1234  1414   453   661   507   381   126   636   580   415   587   487   616  1023  1049   941   831   759   457   339   645   455   435   422   461   446   414   422 
  600  1135   486   611   584   596  1096   183  9999    83  1166   874  1317  1507   561   818   670   565   308   810   763   593   767   606   714  1126  1135  1024   998   940   640   510   570   607   589   575   596   572   558   555 
  561  1133   487   534   513   523  1096   180    83  9999  1083   792  1237  1428   490   764   686   548   291   770   751   560   735   538   639  1050  1055   945   950   912   619   471   501   552   536   521   534   506   500   492 
 1041  1639  1267   663   761   726  1627  1145  1166  1083  9999   387   443   620   762   915  1461  1190  1124  1076  1314  1086  1144   770   631   541   417   418  1042  1251  1187  1031   706   906   920   920   835   810   885   846 
  655  1259   891   294   382   349  1245   812   874   792   387  9999   452   653   388   538  1078   807   769   694   927   700   758   388   245   335   283   182   688   875   800   651   584   520   535   536   451   430   503   465 
  975  1440  1248   711   769   744  1440  1234  1317  1237   443   452  9999   206   784   759  1400  1137  1169   920  1195  1020  1008   760   620   254   185   294   805  1056  1104  1004  1010   854   874   881   807   804   863   836 
 1121  1516  1400   897   944   923  1522  1414  1507  1428   620   653   206  9999   962   884  1534  1281  1341  1035  1313  1165  1127   931   799   396   374   484   887  1146  1239  1161  1216  1010  1031  1039   971   975  1026  1004 
  299   958   505   100    25    40   935   453   561   490   762   388   784   962  9999   332   700   432   388   425   586   339   451    56   164   571   599   492   533   612   443   270   569   176   181   175   103    61   133    90 
  260   724   537   384   309   329   714   661   818   764   915   538   759   884   332  9999   651   408   549   165   435   297   249   278   326   506   598   526   201   337   357   331   897   211   229   243   244   284   265   282 
  430   495   217   800   700   735   451   507   670   686  1461  1078  1400  1534   700   651  9999   272   421   512   253   383   418   691   834  1149  1226  1136   707   492   296   430  1120   561   545   543   627   650   576   615 
  162   595   135   532   430   466   562   381   565   548  1190   807  1137  1281   432   408   272  9999   258   306   205   116   229   420   563   890   960   867   517   385    80   163   903   290   273   271   356   380   305   345 
  305   843   207   475   401   428   807   126   308   291  1124   769  1169  1341   388   549   421   258  9999   512   461   290   461   410   551   945   985   879   711   633   332   220   701   351   330   318   371   366   319   336 
  210   564   441   501   407   435   552   636   810   770  1076   694   920  1035   425   165   512   306   512  9999   279   224    94   378   467   666   762   691   210   189   236   300   990   257   262   275   323   366   314   348 
  287   392   289   681   577   612   362   580   763   751  1314   927  1195  1313   586   435   253   205   461   279  9999   251   187   558   685   941  1031   952   459   242   150   340  1098   416   406   411   492   527   453   496 
   46   636   241   437   332   368   609   415   593   560  1086   700  1020  1165   339   297   383   116   290   224   251  9999   175   318   455   774   844   753   429   353   104    97   853   180   165   167   251   281   206   249 
  181   510   361   538   437   469   491   587   767   735  1144   758  1008  1127   451   249   418   229   461    94   187   175  9999   412   522   754   846   770   296   179   152   267  1002   275   273   283   349   390   326   366 
  275   922   506   125    32    57   901   487   606   538   770   388   760   931    56   278   691   420   410   378   558   318   412  9999   147   537   576   472   478   567   421   263   621   142   153   151    67    45   115    79 
  410  1029   653   109   150   124  1012   616   714   639   631   245   620   799   164   326   834   563   551   467   685   455   522   147  9999   412   435   329   509   654   556   409   606   275   290   292   207   191   261   226 
  729  1192  1006   516   552   533  1190  1023  1126  1050   541   335   254   396   571   506  1149   890   945   666   941   774   754   537   412  9999   126   159   559   805   853   766   917   614   635   644   576   580   630   609 
  799  1302  1068   527   584   559  1298  1049  1135  1055   417   283   185   374   599   598  1226   960   985   762  1031   844   846   576   435   126  9999   110   674   912   931   823   862   674   694   700   624   620   680   653 
  707  1244   970   417   479   452  1237   941  1024   945   418   182   294   484   492   526  1136   867   879   691   952   753   770   472   329   159   110  9999   630   853   844   725   767   579   598   603   524   517   580   550 
  406   635   651   580   510   528   637   831   998   950  1042   688   805   887   533   201   707   517   711   210   459   429   296   478   509   559   674   630  9999   260   445   492  1096   402   416   431   444   484   459   481 
  360   390   504   690   594   624   386   759   940   912  1251   875  1056  1146   612   337   492   385   633   189   242   353   179   567   654   805   912   853   260  9999   305   447  1173   439   441   453   509   552   494   532 
  146   541   209   541   437   472   512   457   640   619  1187   800  1104  1239   443   357   296    80   332   236   150   104   152   421   556   853   931   844   445   305  9999   190   948   281   268   271   354   386   310   353 
   91   730   245   371   270   305   701   339   510   471  1031   651  1004  1161   270   331   430   163   220   300   340    97   267   263   409   766   823   725   492   447   190  9999   759   151   130   123   203   221   148   186 
  827  1489   903   517   590   568  1460   645   570   501   706   584  1010  1216   569   897  1120   903   701   990  1098   853  1002   621   606   917   862   767  1096  1173   948   759  9999   734   732   720   669   625   679   642 
  135   782   394   267   163   197   760   455   607   552   906   520   854  1010   176   211   561   290   351   257   416   180   275   142   275   614   674   579   402   439   281   151   734  9999    21    34    76   115    59    92 
  122   777   374   275   171   206   754   435   589   536   920   535   874  1031   181   229   545   273   330   262   406   165   273   153   290   635   694   598   416   441   268   130   732    21  9999    15    86   121    53    93 
  125   785   368   271   166   201   762   422   575   521   920   536   881  1039   175   243   543   271   318   275   411   167   283   151   292   644   700   603   431   453   271   123   720    34    15  9999    85   115    43    85 
  208   858   447   190    87   121   836   461   596   534   835   451   807   971   103   244   627   356   371   323   492   251   349    67   207   576   624   524   444   509   354   203   669    76    86    85  9999    43    56    41 
  240   897   462   155    51    86   875   446   572   506   810   430   804   975    61   284   650   380   366   366   527   281   390    45   191   580   620   517   484   552   386   221   625   115   121   115    43  9999    76    35 
  166   828   392   230   127   162   804   414   558   500   885   503   863  1026   133   265   576   305   319   314   453   206   326   115   261   630   680   580   459   494   310   148   679    59    53    43    56    76  9999    43 
  209   870   427   188    85   120   847   422   555   492   846   465   836  1004    90   282   615   345   336   348   496   249   366    79   226   609   653   550   481   532   353   186   642    92    93    85    41    35    43  9999 

